107,38
107,37
0,396
0,395
0,389
35,57
0,470
0,469
0,468
0,466
0,465
0,418
0,464
0,463
0,462
35,111
0,460
0,459
0,458
0,457
0,456
0,454
0,452
0,401
0,447
0,451
110,3
110,2
110,1
110,0
109,5
109,4
109,3
109,2
109,1
109,0
108,3
108,2
108,1
108,0
0,448
33,73
0,314
0,312
0,304
0,302
0,575
0,574
33,72
0,573
0,572
0,571
0,569
36,15
107,36
107,35
33,308
33,307
33,306
33,305
33,304
33,303
33,302
33,301
33,300
33,299
33,298
33,297
33,296
33,295
33,294
33,293
33,292
33,291
33,290
33,289
33,288
33,287
33,286
33,285
33,284
33,283
33,282
33,281
33,280
33,279
33,278
33,277
33,276
33,275
33,274
33,273
33,272
33,271
33,270
33,269
33,268
33,267
33,266
33,265
33,264
33,263
33,262
33,261
33,260
33,259
33,258
33,257
33,256
33,192
33,128
33,127
33,126
33,125
33,124
33,123
33,122
33,121
33,120
33,119
33,118
33,117
33,116
33,115
33,114
33,113
33,112
33,111
33,110
33,109
33,108
33,107
33,106
33,105
33,104
33,103
33,100
33,99
33,98
33,97
33,96
33,95
33,94
33,93
33,92
33,88
33,87
33,86
33,85
33,84
33,81
33,80
33,79
33,78
33,77
33,67
33,65
33,5
33,1
20,3
20,2
20,1
19,3
19,2
19,1
12,3
12,2
12,1
11,30
11,29
11,28
11,26
11,20
11,18
11,14
11,10
11,9
11,7
11,5
11,4
11,3
11,2
18,1
11,1
18,3
10,289
10,272
10,270
10,206
10,185
14,1
10,155
14,4
10,117
10,85
14,3
10,79
13,1
10,64
10,22
13,3
10,17
10,3
10,2
10,1
9,7
9,5
9,3
9,2
9,1
8,17
8,16
8,14
8,13
8,11
8,9
8,8
8,7
8,6
8,4
8,3
8,2
8,1
2,2
2,3
2,1
0,408
0,318
0,0
107,34
107,33
107,32
107,31
107,30
107,29
107,28
107,27
107,26
107,25
107,24
107,23
107,22
107,21
107,20
107,19
107,18
